feature_extract_enable : 0
point_filter_num : 2
max_iteration : 5
dense_map_enable : 1
filter_size_surf : 0.15
filter_size_map : 0.3
cube_side_length : 20
grid_size : 40
patch_size : 8
img_enable : 1
lidar_enable : 1
outlier_threshold : 300 # 78 100 156
ncc_en: false
ncc_thre: 0
img_point_cov : 100 # 1000
laser_point_cov : 0.001 # 0.001
pose_output_en: false
delta_time: 0.0

common:
    lid_topic:  "/livox/lidar"
    imu_topic:  "/livox/imu"

preprocess:
    lidar_type: 1 # 1:Livox LiDAR  2:VELO16  3:OUST64  4:XT32  5:Mid360
    scan_line: 4 # 16  64  32
    blind: 0.05 # blind x m disable

mapping:
    acc_cov_scale: 100
    gyr_cov_scale: 10000
    extrinsic_T: [ -0.011, -0.02329, 0.04412 ] # horizon 0.05512, 0.02226, -0.0297 # mid360 -0.011, -0.02329, 0.04412 # avia 0.04165, 0.02326, -0.0284 
    extrinsic_R: [ 1, 0, 0,
                   0, 1, 0,
                   0, 0, 1]

pcd_save:
    pcd_save_en: true

camera:
    img_topic: /cam0
    Rcl: [-0.00903617, -0.999957, 0.00229649,
          0.00551994, -0.00234643, -0.999982,
          0.999944, -0.00902333, 0.0055409] 
    Pcl: [-0.0111371, -0.0853867, 0.0148021]


    
